# Created by Octave 8.4.0, Tue Dec 19 13:57:02 2023 GMT <unknown@IMSHAAZ>
# name: trainedNetwork
# type: cell
# rows: 1
# columns: 2
# name: <cell-element>
# type: matrix
# rows: 8
# columns: 4
 0.063168415655915938 0.28344352888377444 1.0594675063548262 0.51724943891843456
 0.32644771204873135 0.19105040815460253 -0.55130892835734713 0.93272688736569775
 0.15832398800525674 -0.29097537393331729 -0.17162523083382467 0.05906854732223496
 1.0312965139105676 0.53882850565121221 -0.85297045044922082 0.14625917001512143
 0.050896942615509033 0.33710741996765137 -0.27745911478996277 -0.19175654649734497
 0.60868151335756637 0.25137475130222897 0.41010871268802962 -0.42686697601068252
 -0.66873345506096504 -0.0023529837207515373 0.99359998858583598 0.24694092286966599
 -0.015242457389831543 -0.32739226520061493 0.4775233268737793 -0.19847029447555542



# name: <cell-element>
# type: matrix
# rows: 2
# columns: 8
 0.50165991518043496 -0.75382826847555084 0.18779871746763635 -0.70379994384329514 0.2812381386756897 -0.45627647870388488 0.892362108832358 0.28248475149393176
 -0.65237242857600608 0.14618104169459775 -0.43689027073416881 1.2706175656479677 -0.27588182687759399 0.022885497791056891 -0.98780153730351539 0.45387290151997356





# name: networkStructure
# type: matrix
# rows: 1
# columns: 3
 3 7 2


# name: nnParams
# type: cell
# rows: 1
# columns: 2
# name: <cell-element>
# type: matrix
# rows: 7
# columns: 4
 0.063168415655915938 0.28344352888377444 1.0594675063548262 0.51724943891843456
 0.32644771204873135 0.19105040815460253 -0.55130892835734713 0.93272688736569775
 0.15832398800525674 -0.29097537393331729 -0.17162523083382467 0.05906854732223496
 1.0312965139105676 0.53882850565121221 -0.85297045044922082 0.14625917001512143
 0.050896942615509033 0.33710741996765137 -0.27745911478996277 -0.19175654649734497
 0.60868151335756637 0.25137475130222897 0.41010871268802962 -0.42686697601068252
 -0.66873345506096504 -0.0023529837207515373 0.99359998858583598 0.24694092286966599



# name: <cell-element>
# type: matrix
# rows: 2
# columns: 8
 0.50165991518043496 -0.75382826847555084 0.18779871746763635 -0.70379994384329514 0.2812381386756897 -0.45627647870388488 0.892362108832358 0.28248475149393176
 -0.65237242857600608 0.14618104169459775 -0.43689027073416881 1.2706175656479677 -0.27588182687759399 0.022885497791056891 -0.98780153730351539 0.45387290151997356





