# Created by Octave 8.4.0, Tue Dec 26 17:00:00 2023 GMT <unknown@IMSHAAZ>
# name: trainedNetwork
# type: cell
# rows: 1
# columns: 2
# name: <cell-element>
# type: matrix
# rows: 8
# columns: 4
 -0.0052749993495017806 0.0449950945748585 0.46549395199959726 -0.35673544554170916
 -0.3328232344486875 -0.33914588966993875 -0.59408185346919717 0.12255909757092319
 -0.51308673712343167 -0.83444472718538731 -0.94191024038402527 0.9493326744641708
 0.37804707931130538 0.21223714225202076 -0.35920742320376098 -0.19394661333794905
 0.050896942615509033 0.33710741996765137 -0.27745911478996277 -0.19175654649734497
 0.20907394069705673 -0.05943245584614041 0.27542221386205007 -0.35081053555821617
 0.56567514922988149 0.81114598439241437 0.75953518537904641 -0.97757695423528912
 -0.015242457389831543 -0.32739226520061493 0.4775233268737793 -0.19847029447555542



# name: <cell-element>
# type: matrix
# rows: 2
# columns: 8
 0.19851607948146574 -1.0390655990389701 0.059380371153136623 0.0092772466576224472 0.2812381386756897 -0.47410625449902999 1.4803930042116877 -0.32139420002596569
 -0.41350341661978091 0.03924995606765664 -1.9792111275637723 0.38282772986540514 -0.27588182687759399 0.074931095108393228 -1.6213026051403647 0.83594866406910218





# name: networkStructure
# type: matrix
# rows: 1
# columns: 3
 3 7 2


# name: nnParams
# type: cell
# rows: 1
# columns: 2
# name: <cell-element>
# type: matrix
# rows: 7
# columns: 4
 -0.0052749993495017806 0.0449950945748585 0.46549395199959726 -0.35673544554170916
 -0.3328232344486875 -0.33914588966993875 -0.59408185346919717 0.12255909757092319
 -0.51308673712343167 -0.83444472718538731 -0.94191024038402527 0.9493326744641708
 0.37804707931130538 0.21223714225202076 -0.35920742320376098 -0.19394661333794905
 0.050896942615509033 0.33710741996765137 -0.27745911478996277 -0.19175654649734497
 0.20907394069705673 -0.05943245584614041 0.27542221386205007 -0.35081053555821617
 0.56567514922988149 0.81114598439241437 0.75953518537904641 -0.97757695423528912



# name: <cell-element>
# type: matrix
# rows: 2
# columns: 8
 0.19851607948146574 -1.0390655990389701 0.059380371153136623 0.0092772466576224472 0.2812381386756897 -0.47410625449902999 1.4803930042116877 -0.32139420002596569
 -0.41350341661978091 0.03924995606765664 -1.9792111275637723 0.38282772986540514 -0.27588182687759399 0.074931095108393228 -1.6213026051403647 0.83594866406910218





